Classifcation Report for Chicago Crime:               
                precision    recall  f1-score   support

           0       1.00      0.87      0.93       107
           1       0.97      0.80      0.88       388
           2       0.94      0.99      0.96      1186
           3       1.00      1.00      1.00       172
           4       1.00      0.68      0.81        38
           5       1.00      1.00      1.00       214
           6       1.00      0.98      0.99       336
           7       1.00      1.00      1.00       428
           8       1.00      1.00      1.00      1059
           9       1.00      1.00      1.00         5
          10       1.00      1.00      1.00       170
          11       1.00      1.00      1.00         1
          12       1.00      1.00      1.00       106
          13       1.00      1.00      1.00        39
          14       1.00      0.96      0.98        28
          15       1.00      1.00      1.00        30
          16       1.00      1.00      1.00       113
          17       1.00      1.00      1.00      1185
          19       1.00      1.00      1.00         9
          20       1.00      1.00      1.00       431
          21       1.00      1.00      1.00         1
          22       1.00      1.00      1.00      1005
          23       1.00      1.00      1.00        39
          24       1.00      1.00      1.00         3
          25       1.00      0.99      1.00       181
          26       0.97      1.00      0.98       544
          27       0.96      1.00      0.98       281
          28       1.00      0.99      1.00       105
          29       1.00      1.00      1.00       181
          30       1.00      1.00      1.00       231

    accuracy                           0.99      8616
   macro avg       0.99      0.98      0.98      8616
weighted avg       0.99      0.99      0.99      8616

