6.319656038
4.211487157
8.549729798
9.300132604
-3.517433203
5.818718542
13.26989452
10.64483534
-0.812737435
13.38537963
10.8363865
6.051359053
6.106035257
-1.314709479
10.6007076
6.331311736
9.359059635
16.5282577
10.51575721
6.397957966
4.595274317
14.85540288
6.586488404
7.235809858
-9.157214872
-2.854456321
11.79977273
12.09656956
12.07558766
7.206638213
7.881550554
27.54355755
18.99838012
-3.0335242
-4.425840798
7.551025855
11.16674118
22.88502163
13.97459121
4.942694478
14.80800231
1.444752263
11.23973084
12.44355395
2.84631999
18.24247236
20.49291837
9.330805194
11.78419145
8.041016863
15.91715641
11.00189824
9.127426529
-2.795128396
1.755199352
14.49624251
5.185391026
9.74218387
12.48072867
-8.157278416
5.369300136
-2.908832096
12.38350562
14.21865751
13.20457204
-7.019798121
18.68406876
12.69967611
11.34277993
6.985199149
14.05950559
8.559671515
6.24387676
1.305473239
14.7684931
17.49434546
19.51967086
9.695845559
6.275474215
12.7321875
8.945012011
0.988338604
4.70378618
18.17829075
16.07750591
9.726359389
19.13745163
15.5858098
12.19351621
8.933482366
13.8739451
3.555793401
12.20316449
10.01782195
3.282642505
6.432385865
10.86553077
6.074382915
3.952961349
12.6528272
29.2353777
19.60880349
14.73065975
8.700620041
9.794630748
18.71181922
6.525459
13.49006711
12.11044976
8.820979198
17.4631053
9.607150253
12.12066121
14.77116553
11.09304917
-3.987748893
12.2546637
5.857093282
8.184423906
13.63343386
15.6367093
13.92391353
14.19429338
17.12338383
5.733408553
10.49836481
-1.892869566
20.33428403
10.02276612
16.38710323
16.32738594
16.05467274
10.58538751
16.66538892
5.05333478
6.758711356
11.76339906
6.13372259
17.46541443
15.80050352
9.481131392
1.957051113
10.15031518
17.24853361
10.84472494
1.826776224
-1.85465312
16.22029843
8.635589144
4.68724095
18.3036849
13.13701329
6.248863687
11.34265106
18.8059466
13.9175609
0.334310192
7.999283152
8.180703504
7.830275395
21.8691757
2.415627688
7.262021482
11.43816756
14.59596598
1.093960112
3.016610501
5.625835275
14.73135468
1.297350679
17.21996124
4.02162412
21.18383114
14.56591199
19.31549572
7.386258222
7.126787162
0.375845015
13.27557262
19.84486916
0.666650117
11.00893191
2.786375334
13.30609503
1.135862409
15.54280302
13.83700681
-0.798297524
8.078556844
7.586333865
20.62199046
16.87220382
17.31716127
6.697748034
10.13421876
31.58774994
6.56774011
12.52852124
3.294912308
10.84559868
14.16709941
4.493012919
11.87545392
25.41182064
7.660632015
14.3596871
13.76800294
26.05076197
2.31900793
19.63619406
8.054903623
8.715899121
7.290002084
6.946704353
14.41736129
12.4570579
-0.621706496
1.054887484
19.18392845
9.13516473
4.986317754
13.27999484
11.74916778
12.18574186
11.24012124
25.73485141
3.438569625
4.672371766
8.92938695
8.190889183
-3.272989952
7.028916052
5.351249622
13.00355798
10.55562146
14.15068873
4.836442637
21.26201693
3.718020736
11.6289661
-1.504515398
4.457001373
15.93814379
3.705068202
-0.608647812
12.07840019
15.98698569
9.468666534
7.036146256
17.68462254
14.54505379
20.37741285
-2.962381246
10.1558926
13.61767888
4.554755589
3.655458517
11.71630187
13.30144334
-1.963707217
15.83262553
15.83812362
8.759658518
-13.7052944
14.62190114
15.28131562
26.14764166
12.33415966
10.56290009
11.40697642
25.70889385
7.824628774
6.89899643
3.848802681
10.00833889
14.13812312
3.318038542
9.816499413
20.21645052
8.543111098
18.00450251
20.453749
8.845378494
-5.210682204
17.62837026
12.02689251
3.222565953
14.37744334
4.800837261
8.864792206
26.9361685
14.32060634
-0.91959757
13.74399539
7.937886734
9.706047393
-2.192471576
16.34646538
-1.570552748
13.66831149
22.38820994
17.06442971
11.55999015
8.048658899
14.19919026
8.407473262
23.46628951
12.13645372
16.14569167
18.16401095
16.05860404
16.2787252
15.62117254
7.395552485
17.18258836
18.81223601
-3.722735194
1.56927624
-0.48343527
27.55601795
17.50886281
22.07693884
5.863866471
11.22871172
10.26335113
-0.172284737
6.843584655
6.922809783
8.260013181
5.735011033
7.350904331
2.508413884
8.649462876
7.803134461
18.08466663
7.530474115
13.48168094
19.09869816
9.52030588
15.13049525
8.647141411
-6.046257975
1.458666453
17.93593503
22.2576718
3.05750673
14.90664871
25.39480702
1.780747152
1.288075834
6.22705966
14.44570859
10.37511584
4.116015566
14.57869273
14.6225
11.50308639
18.05426204
14.26096413
-1.063873662
6.977494427
5.5679701
13.3908541
1.434605926
10.54997982
8.924696009
12.78799499
16.58277377
18.86638688
12.68754478
18.76929068
6.872484113
-0.628060051
9.598523327
12.86126009
5.453863483
-2.187979645
22.94381989
12.60443375
4.724288383
12.77485399
14.71439873
9.530378196
9.120014636
7.712948796
-1.338112466
5.311517051
6.741949085
14.49288604
18.56357283
5.742265125
-12.35699901
-7.530409748
10.45483675
8.087542538
5.161351123
14.60092668
8.409637271
-2.46893222
8.154624928
16.63912162
4.299376422
10.2980341
24.46791009
4.556829517
19.23030718
13.04937195
18.17425558
10.65625062
9.767048469
3.162426586
6.497532782
-2.954271749
15.01430103
4.916169174
7.628533362
4.045745268
7.091017525
1.34974761
8.228430604
15.44717857
3.846693291
9.088912486
6.710418159
23.86081491
7.518313859
14.61344409
9.466300252
12.31257594
24.37571652
6.723353037
12.06239384
15.54684625
10.81455585
5.182097879
4.830838305
8.704029927
5.078939891
8.15655693
6.507581773
16.83544577
5.108919253
8.711548319
30.28077782
5.613712871
20.73267895
9.926786601
19.00587766
2.292247399
10.35473766
8.558383176
11.86579267
9.594016442
10.81955283
21.73608523
4.899910332
22.87913522
7.225962876
11.94115131
12.42783385
6.488125107
13.98646495
18.16393586
3.548621655
4.243258722
8.995436826
22.29401428
6.64871808
6.929594331
10.39743019
12.3003249
15.52441671
-2.17871135
3.282773213
-3.015901851
2.654668278
10.89969496
7.848850445
3.780120915
16.60863359
21.59460923
-2.787883707
8.030990062
18.11242808
23.752692
3.041534513
9.903148989
8.227764702
3.595582055
19.24021814
6.946777267
2.292663202
5.553902015
21.28866485
6.881761008
-0.240733993
15.73624484
10.79571132
-6.593933722
7.144076108
12.08347108
18.28979195
13.96054307
-1.466982566
16.59087965
7.422047286
9.037168257
1.738461868
6.507004144
30.71869973
13.48361883
-0.137853556
1.074536206
16.64921466
6.351430599
10.44104525
16.47296631
11.18354563
9.789945026
-1.989028469
6.781982162
10.0651681
4.717763609
7.910092528
-2.382607025
24.50848466
11.79615633
12.5336509
11.48064593
4.396702017
5.648153885
3.245288816
12.60849059
7.56291077
5.29187909
-1.370079957
21.21759351
10.85369205
1.240428644
13.77041499
1.644618545
15.5955167
16.75449938
10.44895482
23.50756096
13.87729269
16.65183755
16.51810329
18.07163164
8.631464157
10.36582768
22.24759172
18.43592328
3.281975538
-1.400247906
10.64554639
-5.215177192
11.86028362
12.85462468
15.28860552
20.34344927
10.60207202
12.13140854
17.8991549
19.78255613
14.61101003
1.349643985
11.71722983
7.162505068
4.553846853
8.698291116
17.62026175
9.014392345
4.046182903
9.249974053
18.55052229
11.18686988
12.7802651
25.47106547
6.876911421
3.942627692
18.17450756
0.329436074
15.6249193
8.186896224
7.074601057
7.593114308
5.630566856
0.842588888
15.38374505
3.713918761
14.94051151
3.363269805
1.409100687
12.60819709
26.68678224
11.74437612
0.483400467
16.12440536
1.754114978
12.12462485
10.74119627
25.19787814
9.99757385
10.304042
4.389417287
4.473229366
16.72965001
1.52290903
9.014199107
8.293257921
15.5617129
11.37677221
3.60753046
8.806738564
17.65763336
21.09049023
22.79884887
6.275018
11.47551178
-10.63240828
6.010745952
8.191451361
7.713399311
18.55186199
11.18484975
7.188052731
2.446406685
11.59391177
3.11969447
13.39869164
9.419098342
16.37104799
21.81481052
16.15257992
10.24408836
14.11615148
1.041305461
17.31462883
18.52020772
21.75316674
17.9925738
8.723867315
15.74091624
9.847532024
3.232083553
9.334969669
6.661572625
9.786286279
3.328957068
13.71067632
6.621388356
12.04177242
-3.914765032
18.24767004
11.12604256
5.950491147
8.825915921
5.966093945
5.350083353
10.97280145
8.329864522
4.571617054
4.900526714
10.41984618
-5.57725111
11.87305922
14.44206966
9.204656041
9.552812678
6.133502444
6.384269841
5.618047029
9.958294901
9.907504836
16.8081113
8.917173985
6.685893449
5.887272261
1.642298382
11.88930481
-5.112093317
12.07265451
9.978946431
3.571983189
4.367761062
8.763643543
13.53766651
16.11097955
10.14706683
7.808003713
13.27424879
10.51503585
8.403643785
13.7611988
9.59504872
20.70006518
21.38889575
7.878701287
7.935270199
8.113266421
12.44195049
8.052012627
8.584815124
6.442878868
2.031886319
15.78618964
12.0153729
26.41161858
8.004772786
8.991339356
17.87660902
9.026244274
13.72703435
10.48887222
19.45615935
16.72547809
-2.685103365
8.342539157
16.71664005
11.46688181
21.32145447
1.126402935
4.165342542
13.78184318
3.895936344
10.57528127
20.83336241
24.53697744
17.83325445
22.32824869
15.77001888
6.309119624
12.40536191
17.80838358
-1.177172289
19.00287472
26.14439688
4.631264154
12.87940259
11.31929581
19.08753535
17.25001249
4.115360309
21.65061196
23.30949309
4.125391994
-6.721287176
11.97428485
14.5224461
4.320858655
14.01840917
10.71731578
11.13549324
18.22895561
23.18659512
6.770970201
13.23517934
6.568201591
2.870391883
20.28106935
12.98289664
8.242981104
17.47548439
1.753724105
12.26384123
-2.181418654
5.998477366
3.524301067
15.75123044
4.57526104
3.646990811
7.161310451
2.421363858
9.85600142
13.95526586
14.23576005
18.24925257
5.206064176
14.47112794
5.452716364
7.933603204
-14.90185526
1.564366957
3.056847068
2.710559045
-2.989803097
15.53798226
10.95962983
6.130720475
9.84742731
21.83722671
16.20421618
24.18436884
6.047253608
1.82341119
14.21366342
12.30416932
-0.637887448
3.438745056
14.23742012
1.001864103
15.52299509
2.184984339
13.77477898
16.34846573
18.8807632
2.705215382
11.92770242
11.39582165
18.30562961
12.29027491
6.424717053
16.3268925
11.22690486
4.357369552
19.38766986
15.24304839
8.329984703
2.629579271
11.36839758
6.504892945
11.02728528
-0.261619428
5.708120859
0.446025453
13.04621072
8.465854469
8.414100139
-5.03586273
2.871013443
6.478778624
6.078910166
-8.52952934
11.54699128
13.58868038
4.802698911
4.73626432
16.05263844
2.663431744
20.80406071
17.5395855
15.11300256
9.853929222
7.935825407
7.549149494
4.222580034
18.31476337
10.861061
15.99454516
6.583923552
15.72458881
15.64330689
5.816926098
11.82664146
16.78045512
14.43352752
-0.646520679
18.48103602
17.13705287
-6.654259965
12.67396883
13.61968457
21.60635344
2.757830957
4.258158137
16.7860925
17.94434766
4.353948095
9.788746454
16.99007315
3.399198017
13.92067901
-3.528133468
3.557109485
5.425479378
0.90341407
22.77401687
11.40178662
19.47824749
8.813876263
7.615395674
8.519364305
6.935417175
22.82285849
-2.194156939
5.366397073
10.67499996
15.72337147
14.97810089
4.014768903
23.84764341
5.358152547
10.00557662
22.25377879
13.43158681
-1.089355014
2.367362501
5.219432302
9.558474068
20.7160421
19.87422605
2.739010761
3.636651477
2.073170923
6.397050322
10.83007036
12.33009244
4.13238138
3.691100903
1.643067426
14.00711615
14.52914078
8.825478437
2.092998888
9.243869012
6.127746058
15.54991986
0.271554831
1.68061223
1.285290962
-0.763554375
9.408730993
-4.749556975
7.929547721
4.547979894
5.812419383
3.857438876
17.58394373
3.504728845
7.335288865
17.49007174
1.593721486
10.37436545
8.200548749
5.736772829
9.432880662
6.975666582
1.399609588
24.04578546
-4.576703387
13.46171294
16.19145555
1.837302334
13.25348706
13.44137029
7.154858071
6.099771262
2.757404177
27.29655784
13.28201585
11.59445971
11.67106109
7.327398711
4.548597262
11.54936811
2.356142967
5.408580442
-1.435823963
19.23515708
16.27047134
11.89112422
18.71856222
10.0661308
1.356259218
8.825875292
16.30229145
16.18856674
7.680166111
7.448422016
5.146867209
-13.63066188
17.38561819
16.39000885
9.514681547
-3.554113496
4.654246041
12.50775138
16.7469262
4.539328348
5.965247979
9.215903346
6.906427275
12.08517438
2.28786611
18.21707081
8.992996628
17.09329138
7.842620239
18.43044583
12.78768314
22.43169948
10.18266287
4.577877275
13.75619247
1.184053131
8.480051742
16.04590998
10.76220702
0.358928816
19.24663582
10.34171742
9.202546066
10.39072872
-2.368554266
-8.898151863
12.04194714
1.364191537
15.1115169
17.0115875
11.98743171
19.49343109
9.34426658
5.913536741
10.87987517
16.25545616
11.8812344
5.6071952
12.67191494
16.03568259
12.29416975
7.269522821
3.549160917
15.336352
14.68874888
4.946236224
12.78409476
5.444699563
0.260565393
27.62222413
18.81131025
12.30615253
19.75410869
14.52914765
7.843234629
8.736039437
15.02656522
-2.458587707
8.033181892
3.682045781
6.294370833
8.027281298
4.625435617
15.99465029
3.976343824
6.365069277
12.128264
6.276257912
0.309448947
9.950290791
0.172063616
6.036440181
9.300508553
9.718685665
11.61146888
0.721766925
-1.151065372
20.25738093
10.513211
16.63101558
7.916776993
1.291285031
10.62568904
18.23928764
0.512918039
10.95274999
3.344638187
3.340923048
1.711093739
3.701005211
14.61206452
1.75720919
11.55007893
11.69014131
8.032834121
9.198162344
15.53387547
7.355500729
11.18696582
9.012710228
5.849309285
5.396289489
3.014059169
17.44382491
24.95269781
9.710702569
15.8887375
11.37942682
5.911813344
20.46295837
9.398586127
3.022088076
15.87985019
11.78688946
30.55465275
9.686685962
17.02980896
12.80825914
4.292793461
25.07438129
4.759133283
-0.76857741
6.074656173
12.4704054
15.05512427
3.170178605
7.268089889
-0.871981742
20.66741666
8.860715401
6.823102014
9.966115338
11.34633623
4.023446989
12.07389153
18.29678183
8.926964614
18.15301273
-0.849961772
8.177455431
11.67108053
1.234180435
6.006713919
7.806163056
10.95056574
5.424292214
0.351579739
8.970771148
6.041504896
11.76888865
15.54996525
9.340489121
7.772448196
12.73723738
5.139425251
12.49911206
11.74591831
-2.345304479
20.51225591
18.7588557
-0.212065964
13.05347944
27.33928299
13.91627717
14.296208
-1.687459651
10.16602843
19.3154174
-4.166706446
13.85458549
14.42713614
3.762298215
8.319101577
11.45133406
13.88259686
11.48922526
12.47527859
5.206092443
3.59146891
9.372122582
15.07599629
12.40295655
10.41415439
8.741918619
9.679584627
22.99448231
-0.618896983
16.08793574
13.26931297
11.19892533
17.75171012
22.73205178
9.316069549
11.86581228
12.31383273
18.03890427
2.562505781
16.34951139
16.88229765
6.649525254
22.15897521
10.39528053
8.39199558
7.447245182
3.313472452
15.28874358
8.27047986
11.57299795
1.025840593
3.689181826
11.4192951
4.615107691
12.10591646
16.35107629
10.34956965
11.51497129
12.19168904
17.70989318
6.482854049
-5.658428561
3.682636114
22.40904806
1.143612186
12.54853792
8.562859769
10.28679396
1.103302811
10.11826201
13.80743236
15.43485798
12.68386669
12.82641631
11.6872973
19.21946856
0.550530836
9.313852556
16.03912612
15.65287985
16.59562531
13.00450471
20.13520352
10.5037756
12.78178283
9.359946546
7.933765379
11.50027361
11.07772716
16.72029487
2.303016379
5.229440289
11.05457431
6.619137517
8.442921089
6.21756437
15.57611453
9.84161706
18.89997384
8.829553739
9.904696795
7.583666408
1.981763343
14.00879255
18.89893852
7.143224909
3.076641514
15.25838466
7.199997503
8.245703043
7.966389842
10.4608722
18.11409118
6.349638318
10.79232627
1.629675705
16.39926654
10.27187929
11.94997125
12.18445718
22.73269195
1.09207948
4.996973124
25.81587018
15.11301133
8.829019205
6.82016881
15.59276931
16.93785558
10.08236906
18.10444072
-2.576178666
9.232179077
13.33881985
15.13559461
14.82375003
8.340956719
14.68117877
13.47389295
-0.25196526
5.303120884
11.77032143
7.048091349
9.165823082
7.368648066
3.554390566
7.219374403
1.351561633
7.806108127
16.44427184
15.35773723
15.90703618
-6.210082136
2.307027239
17.24044479
8.047094244
15.75460287
22.10250157
17.08029229
6.970452144
9.784720693
14.53205121
18.84472325
8.965434494
7.651635395
9.671148303
-6.927431734
1.891677989
12.05070865
0.950377833
9.816937857
14.25544744
-0.480907052
9.854377397
19.72435511
9.323509673
26.48245852
7.805358805
11.87007126
4.63157862
-2.145281055
5.049878172
10.40652217
16.88506624
13.95239109
4.156136268
6.55934536
19.68125425
-0.912015931
10.11475896
19.12327193
20.16903829
13.94423329
-0.277393934
23.72252859
7.548865325
11.52811788
4.744291633
4.686776532
13.47578246
1.899512533
14.89908732
18.74225966
2.987064771
6.034944826
15.74944838
15.43084354
16.87378058
4.370926668
5.817495675
15.12020282
3.758949106
6.096630614
15.8303094
3.209294578
26.13306427
13.5306523
24.55367384
5.174885115
17.82704921
10.55050171
1.154843343
25.97104296
10.26174498
-1.221268826
0.658615393
22.00699321
4.522211304
17.90313437
5.292915974
6.344616853
1.670733885
12.3028282
9.366531522
17.4058523
2.452161679
15.31567173
16.35039279
5.722149233
18.68823116
2.673917761
20.77259383
13.18516762
6.286371833
13.8566507
16.77974014
17.74258298
18.29787021
16.16747724
7.621094321
13.56420473
-1.869587661
7.855515209
6.411270912
15.63142583
14.72922721
11.65902812
8.860976286
5.544705557
15.54251836
9.93734116
1.158310618
18.52681452
14.49810174
14.11597034
10.21836373
0.365170609
7.932580935
9.012028148
12.32651333
19.77493347
-1.166368461
7.078936712
11.0895507
7.123643989
9.815768603
12.53599713
30.47152885
8.635997757
16.79359698
1.041540882
17.15663756
24.22414449
13.69908684
10.27465206
15.73600006
24.799468
4.678207453
13.39252116
12.38961062
8.322325173
18.55207185
7.970993798
6.028241719
0.193802735
10.00056856
4.60761934
19.90814956
16.58631262
16.32386427
2.878402728
18.56478691
11.54939134
-3.346168653
16.14468287
13.2355037
9.199114076
6.364266737
9.903029014
12.83248502
9.055271105
7.045239644
13.37284392
11.24772597
12.61947411
-0.662888936
5.177104989
-6.714244373
0.309150469
14.11096888
12.58878604
7.292020257
21.39039784
9.20726353
18.51031628
12.35064269
9.925789148
-7.959417355
20.54027763
2.935826337
8.961060789
9.338385343
2.633880931
12.40911098
11.04697735
-4.143904222
14.51098084
9.947107968
14.56728195
2.179419184
12.13725659
14.82053595
19.50683154
16.95452511
16.38267267
15.89368981
16.63882382
8.489207892
4.237816653
10.43119828
9.580747376
-1.321923244
19.99423609
5.146429355
15.41177962
5.458676493
13.35579335
9.919925252
2.425837061
-5.011782489
14.32530017
14.20469699

